11111000010011011011101110110011
10000001111001000111110110111000
10101100110001110001011001100011
10111001000000011010011011101000
10010101011011111100000000011110
11000100010110111010100101001110
01110000110000101101001100100110
00011100110101000000110011001100
01111010001011010111111110111001
11111111010100011110001001010001
11111000101101101111111000100101
00010110000000101010011101000111
01100100011110001000110011001001
11110101010000100101011101110110
10110011110111110111000100111010
01100010010101110100110100010101
00100011101011101001101111000100
11001011101111000000000010000110
01111111111110111001110010001001
00010101111100011001110100001001
11011011011111100000110011010100
11101010001111110001000111000111
11000011010101001111111001111000
11110101010000011101010101100110
01000100100000101110101101011101
00011001100101100100111010010111
11011011011100011001001101100010
11101011010001010101000111011100
00000000010011001010000000010000
10101100011011110110001101100101
10111101110011111000010000111110
00010011101011011111100101110000
