00100000
00010000
00000000
00000000
00100000
00010001
00000000
00000101
00100000
00001000
00000000
00000000
00000001
00010001
00001000
00101010
00010000
00000001
00000000
00011100
00100000
00001001
00000000
00000000
00100010
00101010
11111111
11111111
00000001
00101010
00001000
00101010
00010000
00000001
00000000
00010010
00000001
00101001
01111000
00100000
00000001
11101111
01111000
00100000
00000001
11110000
01111000
00100000
10001101
11101011
00000000
00000000
10001101
11101100
00000000
00000100
00000001
10001011
00001000
00101010
00010000
00000001
00000000
00000011
10101101
11101100
00000000
00000000
10101101
11101011
00000000
00000100
00100001
00101001
00000000
00000001
00001011
11111111
11111111
11110100
00100001
01001010
11111111
11111111
00100001
00001000
00000000
00000001
00001011
11111111
11111111
11100101
00010000
00000000
11111111
11111111